10001000010000000000000000000000
10001000100000000000000000000000
10001000110000000000000000000000
10001001000000000000000000000000
10001001010101001110111001001000
01010001010101000000000000000000
10001001100110001110111001001001
01010001100110000000000000000000
00010001010000000000000000000100
00010001100000000000000000001000
10001000010000000000000000000000
00001000000000000000000000000111
00010001100000000000000000000011
10001000010000000000000010111111
00001000000000000000000000000100
10001000010000000000000011111111
00001000000000000000000000000010
10001000010000000000000000111111
10001010101010001110111001010001
01000000011010000000000000000000
10001010101010000000000000000011
01000000011010000000000000000000
10001001010101001110111001001010
01010001010101000000000000000000
10001001100110001110111001001011
01010001100110000000000000000000
00010001010000000000000000000100
00010001100000000000000000001000
10001000100000000000000000000000
00001000000000000000000000000111
00010001100000000000000000000011
10001000100000000000000010111111
00001000000000000000000000000100
10001000100000000000000011111111
00001000000000000000000000000010
10001000100000000000000000111111
10001010101010001110111001010010
01000000101010000000000000000000
10001010101010000000000000000011
01000000101010000000000000000000
10001001010101001110111001001100
01010001010101000000000000000000
10001001100110001110111001001101
01010001100110000000000000000000
00010001010000000000000000000100
00010001100000000000000000001000
10001000110000000000000000000000
00001000000000000000000000000111
00010001100000000000000000000011
10001000110000000000000010111111
00001000000000000000000000000100
10001000110000000000000011111111
00001000000000000000000000000010
10001000110000000000000000111111
10001010101010001110111001010011
01000000111010000000000000000000
10001010101010000000000000000011
01000000111010000000000000000000
10001001010101001110111001001110
01010001010101000000000000000000
10001001100110001110111001001111
01010001100110000000000000000000
00010001010000000000000000000100
00010001100000000000000000001000
10001001000000000000000000000000
00001000000000000000000000000111
00010001100000000000000000000011
10001001000000000000000010111111
00001000000000000000000000000100
10001001000000000000000011111111
00001000000000000000000000000010
10001001000000000000000000111111
10001001010101001110111001010000
01010001010101000000000000000000
00010001010000000000000000110111
10001001010000000000000000000010
10001001100000000000000000000010
10001001110000000000000000000010
10001010000000000000000000000000
10001010100000000000000001100100
00000010001010000000000000110000
10001010010000000000000000000000
10001010100000000000000001100100
00000010011010000000000000010110
10101010101000000000000001100100
10101010101010000000000000000011
10101010111001000000000000000011
10000011001010101100000000000000
10001010101100000000001111101000
01010100011010000000000000000000
10001010101010001110111001010001
01010100101010000000000000000000
10000100100010010000000000000000
10001010100000000000000001100100
10010100100010101000000000000000
10001010100000000000000001100100
10010010101010010000000000000000
10000100010001101000000000000000
10001010100000000000000001100100
10010100010001101000000000000000
10100100110001001000000000000000
10001010101100001110111001001000
01000100111010000000000000000000
10001010011001000000000000000001
00001011111111111111111111101010
10001011100000000000000000000010
00000000011110000000000000000010
10010000010001010100000000000000
10001010101010001110111001010001
01000000011010000000000000000000
10001010101010000000000000000011
01000000011010000000000000000000
10001011100000000000000000000010
00000000101110000000000000000010
10010000100010011000000000000000
10001010101010001110111001010010
01000000101010000000000000000000
10001010101010000000000000000011
01000000101010000000000000000000
10001011100000000000000000000010
00000000111110000000000000000010
10010000110011011100000000000000
10001010101010001110111001010011
01000000111010000000000000000000
10001010101010000000000000000011
01000000111010000000000000000000
10001010001000000000000000000001
00001011111111111111111111010000
00001000000000000000000000000010
